 For 95% confidence intervals, t(28, 0.025) = 2.048

         Salary    prediction    std. error        95% interval

 1     39343.00     36187.16     6096.561     23698.92 - 48675.40
 2     46205.00     38077.15     6077.172     25628.63 - 50525.67
 3     37731.00     39967.14     6058.668     27556.52 - 52377.76
 4     43525.00     44692.12     6016.335     32368.22 - 57016.03
 5     39891.00     46582.12     6000.991     34289.64 - 58874.59
 6     56642.00     53197.09     5954.571     40999.70 - 65394.48
 7     60150.00     54142.09     5948.875     41956.37 - 66327.80
 8     54445.00     56032.08     5938.191     43868.25 - 68195.91
 9     64445.00     56032.08     5938.191     43868.25 - 68195.91
10     57189.00     60757.06     5915.640     48639.42 - 72874.70
11     63218.00     62647.05     5908.296     50544.46 - 74749.65
12     55794.00     63592.05     5904.985     51496.24 - 75687.86
13     56957.00     63592.05     5904.985     51496.24 - 75687.86
14     57081.00     64537.05     5901.915     52447.52 - 76626.57
15     61111.00     68317.03     5892.055     56247.70 - 80386.36
16     67938.00     72097.02     5886.078     60039.93 - 84154.10
17     66029.00     73987.01     5884.551     61933.05 - 86040.96
18     83088.00     75877.00     5883.998     63824.18 - 87929.82
19     81363.00     81546.98     5888.190     69485.57 - 93608.39
20     93940.00     82491.97     5889.741     70427.39 - 94556.56
21     91738.00     90051.94     5910.877     77944.06 - 102159.83
22     98273.00     92886.93     5922.782     80754.66 - 105019.20
23    101302.00    100446.90     5965.002     88228.15 - 112665.65
24    113812.00    103281.89     5984.714     91022.76 - 115541.02
25    109431.00    108006.87     6022.190     95670.98 - 120342.77
26    105582.00    110841.86     6047.411     98454.30 - 123229.42
27    116969.00    115566.84     6093.925    103084.00 - 128049.68
28    112635.00    116511.84     6103.890    104008.59 - 129015.09
29    122391.00    123126.81     6179.699    110468.27 - 135785.35
30    121872.00    125016.80     6203.271    112309.98 - 137723.63

  Forecast evaluation statistics

  Mean Error                        4.8506e-013
  Root Mean Squared Error           5592
  Mean Absolute Error               4644.2
  Mean Percentage Error            -0.62002
  Mean Absolute Percentage Error    7.048
  Theil's U                         0.69692
  Bias proportion, UM               0
  Regression proportion, UR         0
  Disturbance proportion, UD        1
